130
170
46
59
61
197
1
80
186
57
189
188
195
198
67
111
19
43
55
190
174
70
12
114
6
74
113
151
15
1
130
117
178
188
89
144
164
129
153
155
142
19
89
171
95
183
105
120
9
162
120
153
157
3
108
174
103
133
84
13
74
41
166
163
25
31
47
62
66
125
77
177
92
185
11
28
166
51
131
162
55
104
6
181
153
100
81
38
71
73
160
100
100
176
161
75
176
55
172
160
108
182
55
87
38
153
124
193
18
82
140
182
153
78
15
78
97
142
199
1
52
180
31
185
167
123
28
144
24
197
112
35
86
49
199
68
128
142
142
40
4
50
76
106
141
32
81
118
89
57
25
163
110
6
12
66
71
105
39
83
198
151
66
123
139
62
70
88
118
153
130
190
31
141
122
130
142
26
45
78
88
75
162
138
167
124
32
44
30
145
75
150
175
107
172
193
94
139
128
191
188
118
141
54
82
58
42
101
126
164
12
187
187
110
65
81
142
189
120
81
142
8
105
176
4
167
5
50
140
184
89
184
130
89
122
49
105
6
113
175
78
81
90
92
78
141
1
147
160
115
39
55
188
56
17
177
122
46
173
194
10
81
94
34
128
12
21
160
116
186
134
106
182
20
140
158
159
181
107
185
42
196
10
95
80
25
119
106
59
178
185
149
88
121
146
175
71
148
84
108
194
41
97
124
134
188
89
29
123
150
9
107
171
7
5
22
91
35
108
129
162
166
47
4
75
64
67
21
40
148
151
147
182
29
195
102
35
72
46
53
128
185
174
165
84
130
131
175
142
196
125
138
121
62
55
156
85
166
65
9
111
8
38
145
128
14
145
194
160
57
188
197
98
147
145
154
60
111
37
118
185
105
145
34
153
160
160
78
180
89
27
28
132
190
190
62
47
125
52
42
52
63
98
143
159
198
1
184
12
122
78
77
93
61
63
145
43
8
22
137
139
66
106
59
113
69
26
138
177
51
50
198
1
111
64
30
64
140
28
18
158
52
53
176
169
178
125
2
188
162
109
74
107
23
24
62
73
21
74
81
66
45
193
74
158
69
116
85
54
69
194
84
190
192
90
37
97
131
83
152
79
135
114
173
108
179
54
79
189
124
28
70
97
49
54
88
146
26
103
119
128
180
112
49
46
124
177
63
58
141
180
127
194
66
142
49
49
187
166
93
55
44
163
116
107
60
123
94
106
73
109
104
185
190
169
146
68
138
73
127
51
143
113
51
141
152
34
11
167
98
112
162
53
36
51
89
38
127
73
90
9
60
132
182
93
150
140
1
168
185
21
65
70
46
170
141
140
52
26
43
101
157
133
34
125
3
86
24
116
38
8
122
102
195
5
163
143
156
104
72
88
101
78
28
163
119
128
68
42
136
189
36
147
40
189
104
198
127
6
99
78
101
64
17
185
6
176
139
195
156
74
161
148
88
54
161
118
91
59
67
165
59
154
96
185
10
33
98
11
197
152
11
41
121
148
168
180
152
93
41
145
40
95
29
104
156
24
132
195
117
117
170
32
14
14
58
81
162
64
3
89
27
39
6
113
66
135
86
150
64
118
174
83
99
74
96
43
122
20
126
141
107
194
134
38
21
146
33
93
102
148
181
44
79
53
191
42
197
146
70
41
101
1
31
147
165
167
126
27
76
32
184
89
162
63
129
134
17
71
147
133
57
82
105
11
152
94
144
13
34
190
25
175
124
104
164
79
194
82
52
86
163
39
79
65
167
136
154
167
54
26
148
93
75
134
114
138
18
82
5
33
111
154
33
58
108
69
112
169
53
84
122
106
63
58
17
136
67
110
55
20
136
31
180
35
15
111
154
37
93
10
68
133
87
92
99
167
79
70
6
147
15
191
175
118
176
141
78
150
175
39
118
41
157
106
56
76
56
107
57
185
56
100
31
142
133
80
84
57
85
64
33
66
142
97
102
19
135
42
67
15
46
122
165
69
92
6
140
197
76
170
21
119
173
159
84
175
127
91
125
168
71
167
92
182
29
44
190
13
34
184
164
87
115
37
14
87
63
123
129
191
170
93
25
147
101
75
49
79
84
155
191
54
112
115
172
146
10
47
185
25
153
191
3
84
138
9
35
134
158
120
82
141
52
151
101
108
105
23
195
157
103
15
97
132
41
89
36
2
110
33
24
184
21
116
110
82
59
14
53
168
143
166
19
25
99
139
168
174
140
78
88
120
118
3
11
33
24
97
60
146
199
63
138
181
136
87
71
174
95
184
77
189
181
185
149
168
174
63
41
105
162
133
151
173
59
25
178
41
42
167
192
161
124
163
139
94
47
60
124
83
110
195
150
30
106
147
114
81
39
115
195
175
81
93
75
98
45
135
88
133
182
48
23
195
107
64
34
186
112
4
138
94
192
196
103
130
99
135
27
167
50
56
38
80
39
138
99
166
172
5
16
192
62
157
6
109
75
25
162
7
46
41
95
19
52
42
129
78
113
40
173
150
127
95
17
196
143
87
175
193
128
187
99
173
35
85
64
68
169
22
196
135
55
87
195
163
121
18
91
86
38
50
64
197
21
107
81
29
24
83
97
68
66
36
93
78
89
77
45
130
78
110
199
162
56
105
5
72
182
192
24
52
152
168
139
91
84
175
84
15
34
16
70
188
41
31
136
136
21
176
188
118
185
187
181
180
24
100
199
101
117
125
37
183
16
87
197
161
124
73
98
52
83
108
39
191
83
107
169
152
1
97
119
124
81
140
40
174
124
14
60
186
95
175
193
138
136
54
123
166
133
105
43
73
91
92
64
58
103
92
110
26
64
52
103
198
72
1
155
63
77
194
155
53
112
127
186
125
60
172
60
33
131
113
13
7
6
190
12
151
56
158
58
136
71
3
80
176
34
166
22
185
168
115
66
133
27
94
52
38
195
162
93
100
60
150
40
28
172
58
81
156
167
7
122
13
148
67
51
47
198
73
188
46
14
17
47
8
85
191
112
79
198
16
174
149
114
40
120
71
71
117
145
167
197
117
26
166
85
87
42
81
79
162
22
105
17
186
173
114
10
66
87
60
31
199
27
32
26
163
133
43
158
145
196
50
156
67
86
180
116
10
197
171
145
72
172
130
134
94
55
24
17
123
99
128
31
159
34
133
110
63
115
196
58
54
134
5
112
4
166
158
94
144
116
122
143
98
7
75
39
93
142
138
27
127
173
123
52
38
33
16
5
30
113
133
54
80
113
134
156
100
36
16
89
17
29
4
86
134
19
144
152
151
80
27
19
185
22
97
190
107
179
94
189
116
3
51
21
78
40
9
199
71
89
98
120
50
63
82
87
49
130
47
62
183
140
22
6
58
55
141
123
95
50
2
83
3
177
15
187
108
10
193
185
95
171
161
94
125
110
114
183
75
2
183
4
136
170
189
128
164
174
40
172
146
142
122
129
42
158
6
192
71
102
185
112
29
26
89
188
45
191
43
47
92
157
132
198
189
134
99
171
124
11
19
128
88
126
129
78
35
107
6
137
44
195
62
130
188
95
6
105
143
146
135
48
157
112
8
97
21
84
110
175
28
60
48
112
145
17
33
166
34
159
159
69
79
139
99
138
79
98
64
93
31
38
64
4
53
68
24
30
115
43
156
70
63
79
168
183
164
124
5
183
8
140
102
53
185
92
99
180
2
20
124
130
171
128
187
166
84
86
110
178
167
2
95
45
79
150
159
107
109
1
79
111
153
179
136
47
77
113
17
29
162
180
60
160
199
28
71
139
162
17
149
52
174
86
54
154
67
115
95
25
38
168
56
91
171
152
68
145
76
170
87
98
187
132
145
35
37
53
132
147
75
75
15
190
169
122
124
47
22
124
97
164
24
191
23
63
40
52
105
128
102
161
188
189
15
143
191
87
161
58
179
12
52
50
63
61
155
5
62
171
77
21
103
82
48
45
122
29
198
44
76
79
109
10
139
187
165
69
34
26
191
183
172
105
194
29
154
72
45
76
70
165
82
181
141
123
97
164
187
105
87
12
194
90
168
64
56
194
148
76
128
80
190
180
47
5
4
57
185
93
154
8
122
172
154
66
41
30
164
50
122
121
87
16
153
119
40
94
36
54
88
42
32
127
167
36
64
143
3
94
146
159
50
147
4
135
14
124
38
190
90
177
46
140
164
113
79
105
141
30
196
109
193
99
114
115
107
188
90
67
54
28
127
5
155
85
188
156
118
163
139
77
27
29
104
39
60
128
62
60
168
162
129
142
152
79
10
81
117
168
93
164
40
48
148
111
159
154
154
2
198
49
94
75
165
58
61
147
162
113
52
112
71
173
120
115
128
174
62
162
68
121
145
16
54
74
45
10
197
106
177
26
124
164
88
146
33
119
32
19
51
154
98
18
106
159
177
198
85
185
150
19
69
87
67
177
148
180
82
42
131
26
94
50
22
52
139
30
170
29
52
3
118
126
165
95
69
71
178
147
172
3
21
8
36
8
152
43
80
121
81
24
39
68
101
19
10
7
191
3
94
143
12
4
39
19
137
184
170
162
19
24
138
45